[slider4.jpg]
filters=sat=1,0.216374;finetune2=1,0.000000,0.000000,0.000000,00000000,-0.309942;
moddate=9f49454afeebd101
width=1920
height=1080
textactive=0
[logo.jpg]
filters=finetune2=1,0.269006,0.255439,0.000000,00000000,0.000000;
moddate=8b2960b903ecd101
width=957
height=729
textactive=0
